   2.0000000e+00  -2.8138280e-01  -7.2666239e-01  -4.5832245e-02  -8.7219424e-01  -5.5226944e-01   9.8515283e-01   1.1360348e+00  -2.8485628e-01   1.0295026e+00  -1.7193455e+00
   2.0000000e+00   1.1670613e+00   5.1011947e-01   7.7267311e-02   1.5618998e+00  -5.1921635e-01  -2.2269789e-01   4.1441991e-01   1.2295905e+00   1.3506639e+00   1.3264104e-01
   2.0000000e+00  -4.4287914e-01  -9.2361402e-01  -4.8121943e-01   2.6722041e-01  -1.4304945e+00   4.1712247e-01   1.1511414e+00   5.9716719e-02   7.7807201e-01  -2.8881539e-01
   2.0000000e+00   3.2711712e+00  -5.2859158e-01   4.3925144e-01   7.4113862e-01  -8.1943451e-01  -1.2999907e+00   5.1140150e-01  -1.5290591e+00  -3.8298214e-01  -1.2535521e+00
   2.0000000e+00   1.8701956e+00  -2.3992423e-01  -1.0934660e-01  -9.4860004e-01  -1.2798903e+00   1.1824258e-02   2.1624016e-01  -1.1668856e-01   5.0844247e-01  -1.8723121e+00
   2.0000000e+00   1.4822532e+00  -1.6051718e-01   2.6673102e-01  -7.8997820e-01   1.4916909e+00   6.0270784e-01   7.2137201e-01  -5.1995490e-01  -7.2593896e-01  -8.4034915e-01
   2.0000000e+00  -7.0420910e-03  -1.3830046e+00  -1.6797155e+00   3.6599346e-02   5.2491854e-01  -1.2210277e+00   1.8882445e-01   2.3207015e+00   7.9365386e-01   9.6142713e-01
   2.0000000e+00  -4.1164201e-01  -2.0396161e+00  -4.0300661e-01   1.5558345e+00   1.2419052e+00  -1.1819321e+00  -4.6156174e-01   1.2420237e+00  -1.1505158e+00   2.3834256e-01
   1.0000000e+00  -1.5547932e+00  -4.4265516e-01   1.0094395e-01   1.6316214e-01   2.9197231e-01   9.5965457e-01   1.3414314e+00   6.8215123e-01  -9.6015116e-01  -9.2667051e-01
   2.0000000e+00   1.4847663e+00   1.7494492e+00  -1.2960517e+00   6.7073941e-01  -1.0820282e-01   8.0181773e-01  -1.2185390e+00   9.7085291e-01  -9.8003635e-01  -2.3887686e-01
   2.0000000e+00  -4.7929489e-01   8.5925327e-01   4.8643154e-01  -1.3362262e+00  -1.2544075e+00  -5.8952267e-01   1.9482483e-01  -4.1561210e-01  -2.0361948e-01  -4.0125699e-01
   2.0000000e+00   2.2125586e+00  -8.2387230e-02   1.1923484e+00  -3.6078981e-01  -9.0397646e-01   7.3882963e-01   1.7522219e-01   3.3316083e-01   3.5428326e-01   1.2142546e+00
   2.0000000e+00  -2.1563432e-01   2.3567891e-01   3.9460116e-01   1.7867920e+00  -3.4100317e-01   5.1062738e-01   2.7299759e-01   5.9171873e-02   1.0880671e+00  -2.2154293e-01
   2.0000000e+00  -7.2127032e-01  -1.1064459e+00   1.0946925e+00   6.4366756e-01  -1.0294304e+00  -1.0683064e+00   6.7269592e-01   4.6783977e-01  -1.1494294e+00   5.4876343e-01
   2.0000000e+00   1.3427642e+00  -9.0715970e-01   8.2966374e-01   3.6124616e-01  -9.6220481e-01  -7.8584384e-01  -5.0979783e-01   8.4613155e-01   1.0099696e+00   8.5556268e-01
   1.0000000e+00   9.8739236e-01  -4.4174531e-01   6.9138348e-01   1.5037429e-01  -2.0150851e-01  -4.9885157e-01  -1.2096617e-01   2.1280418e-01   1.2991739e-01  -1.2629726e+00
   2.0000000e+00   9.1996222e-01   6.5267658e-01   4.1966762e-01  -4.5296164e-01   4.9001929e-01   7.7944973e-02   7.1994018e-01  -4.0608921e-02  -6.9167622e-02  -2.1729465e-01
   2.0000000e+00   2.5207077e-01   1.5287053e-01   4.5713123e-02   1.6655949e+00  -1.7288956e-01   1.1056222e+00  -2.1360351e-01  -5.8623580e-01  -6.3335327e-02   9.4384930e-01
   2.0000000e+00  -1.2555332e-01   2.7516901e+00  -1.5019325e-01  -2.6602272e-01  -8.6440643e-01  -6.7474754e-01   1.3315668e+00   1.0355628e+00  -1.2236433e+00  -1.0194989e-01
   2.0000000e+00  -1.5341206e+00   1.1982563e+00   6.9795758e-01  -1.3752770e+00   4.1667455e-01   5.3372458e-01  -8.1934319e-01  -1.1087777e+00   3.3876862e-01   9.3450169e-02
   2.0000000e+00   3.0622526e-01   2.4939616e-01  -4.7240937e-01  -1.0139827e-01   1.5193279e+00   9.4308129e-01  -1.1493496e+00  -5.8618339e-02   1.2642626e-01  -3.0713263e-01
   1.0000000e+00  -1.0886574e+00   3.8556021e-02  -1.0383348e+00   6.0092218e-01   2.1203947e+00  -1.2548031e+00  -2.4584083e+00  -1.0960755e-01   1.8784889e+00   5.9046001e-02
   2.0000000e+00   1.1155697e+00  -1.3128712e+00   6.4308161e-02  -1.0409721e+00   1.0287540e+00   4.1959792e-01   6.8119096e-01   8.6596730e-01  -8.4955979e-01  -4.0459568e-01
   2.0000000e+00   1.9535533e-01  -2.4924279e+00  -1.3689629e+00   1.4582299e+00   1.1029092e-01   6.3292821e-03   4.5051511e-01   2.2407029e-01   4.5173474e-01  -8.7607928e-01
   2.0000000e+00   7.5460193e-01  -2.2839436e+00   1.7971297e+00  -8.1626012e-01  -2.1403331e+00   1.4019402e+00   7.6944451e-01  -3.9574756e-01   7.8896756e-01  -5.8847267e-01
   2.0000000e+00   4.2162018e-01   1.0274920e+00  -4.9213928e-02  -1.5183664e-01  -1.3767810e+00   1.0244637e+00  -4.9012999e-02  -3.3687223e-01  -6.8922220e-01  -1.7090932e+00
   2.0000000e+00   2.0519409e-01  -7.2852441e-01   1.9579453e-01  -1.3061589e+00  -2.9609116e+00  -1.0530780e+00   1.1109398e+00  -5.7074270e-01  -7.0913876e-01  -1.2738989e+00
   2.0000000e+00   1.4449996e-01  -1.7802842e+00  -1.3461491e+00   1.0123263e+00  -1.2611953e+00  -5.2637644e-01  -7.3583174e-01  -7.2845079e-02  -1.9758327e+00  -1.2271607e+00
   2.0000000e+00  -4.0672916e-01  -1.0485041e+00  -8.6596005e-01   1.9297745e-01  -1.4398605e+00  -6.3178274e-01  -3.6303515e-02   3.5816874e-01  -6.2342367e-01  -7.3490895e-01
   2.0000000e+00  -2.4294307e-01  -3.1829000e-01  -1.4724018e-01  -1.4044802e-01   2.4465509e-01   5.1198815e-01  -5.1257930e-01   1.5011112e-01   1.5672630e+00   4.9661622e-01
   2.0000000e+00  -1.9090022e+00   8.0559937e-01  -9.6119597e-01  -4.2274114e-01   1.0292356e+00   5.9618150e-01  -3.4141627e-01   1.1860393e+00   7.7334892e-01   8.0969394e-01
   2.0000000e+00   8.0640626e-01   1.4275724e+00  -3.4513787e-01   1.0370863e-02   5.9558236e-01  -1.6495497e-01  -2.1367634e-01   6.0959068e-01  -1.3003695e+00  -7.3465469e-01
   2.0000000e+00   6.6121326e-01   6.6749631e-01  -1.2870493e+00  -4.7972050e-02   2.5068442e-01   1.8887972e-01   6.3971138e-02  -1.1123491e+00  -5.4453992e-01   1.4872139e+00
   1.0000000e+00  -5.0325370e-02   7.3170871e-01  -6.2682930e-01   5.1877752e-01   7.7507311e-01  -1.7587530e-01   6.9751079e-01   8.5735257e-01  -9.8432805e-01   1.9878140e-03
   2.0000000e+00   3.3639269e-01  -4.0234703e-01   4.6071018e-01  -6.3053622e-01   1.2144234e+00  -2.3586530e-01  -1.1892007e+00   4.4420621e-01   1.6500160e+00  -5.6653243e-02
   2.0000000e+00   1.2968128e-01   1.5672206e-01   3.2073281e-01   1.2907968e+00  -8.2059966e-01   1.4116155e+00  -1.5970503e+00   1.3941099e+00  -6.3494363e-01  -1.2266637e+00
   2.0000000e+00   5.3824149e-01   9.8354373e-01   8.0056862e-01   1.3096305e-01  -1.2828195e-02   4.3968044e-01   6.0185883e-02  -8.4994662e-01   8.0240465e-02  -9.7471843e-01
   2.0000000e+00   2.4420489e+00   8.4947472e-01  -2.1074765e+00  -2.3920635e-02  -4.6829418e-01   8.4433581e-01   1.0765721e+00  -1.9410475e-01   6.5085199e-01  -7.6210763e-02
   2.0000000e+00   3.5484255e-01   1.1345900e-01   2.3804923e-01   1.4982297e+00  -2.5188138e+00   2.0807985e-01  -4.0751059e-01   1.6431746e+00   3.5546389e-01  -8.3639457e-01
   2.0000000e+00   3.4278719e-01  -2.6574323e-01   9.3050552e-02  -7.4352862e-01   8.2707801e-01  -5.6609706e-01   8.5202067e-01   5.3833084e-01  -1.3008310e+00   2.5525360e-01
   2.0000000e+00   6.5105644e-02  -1.2213756e+00   9.7485714e-01   9.7295603e-01   1.1115086e+00   4.3533519e-01  -2.1263638e-01   2.9398378e-01   3.7994832e-01   1.3803087e+00
   2.0000000e+00   2.1132302e+00   1.3597863e+00   4.4342147e-01   2.9384790e-01  -1.2999037e+00  -1.2615451e+00   7.0664442e-01  -6.6869205e-01   8.6807053e-01   2.0412060e+00
   2.0000000e+00   6.8144110e-01  -5.5019300e-01   1.1500427e+00  -8.6612980e-01  -1.0917348e-01   9.9771855e-01   1.4352108e-02   2.4780047e-01   3.6377995e-01   7.5392510e-01
   1.0000000e+00   8.7367996e-01  -7.4737788e-01  -1.2527117e+00   4.0931827e-01   9.9638904e-01  -6.6451544e-01   2.3908446e-01   2.7420227e-01  -1.4624981e+00   1.3607361e+00
   2.0000000e+00  -1.4434654e+00   4.9309400e-01   1.2269151e+00   1.9169264e+00   7.7845106e-01   1.6918326e+00   8.0651860e-01   7.8361262e-01  -8.6373592e-01  -3.4525796e-01
   2.0000000e+00  -2.8242166e-01  -9.5546166e-01  -1.9891388e+00   2.4115271e-01   1.7578455e+00   2.0271449e-01  -1.1858367e-01   3.3853064e-01  -2.7499962e-01  -5.0382343e-04
   2.0000000e+00   2.1775400e+00  -4.3135975e-01  -4.9314753e-01   1.5942925e-01  -1.4714034e+00  -8.2883206e-01   6.9439551e-01   2.1524571e-02   4.0165951e-01   1.1008896e+00
   2.0000000e+00  -5.3120787e-01  -6.4673958e-01  -1.6019421e+00  -1.4354208e+00   7.6137242e-01   1.1012272e-01  -7.4460559e-01  -3.0609513e+00  -1.3027460e+00   6.0856019e-01
   2.0000000e+00  -6.7184130e-01  -4.3114300e-01  -9.0563046e-01   1.7080536e+00  -1.4793117e+00   3.3342292e-01  -8.2541169e-01   2.5582866e-02   3.4212010e-01  -1.0549372e+00
   1.0000000e+00   5.7789584e-01  -5.1775424e-02  -1.0597993e+00   3.2922738e-01   1.9183997e+00   5.8490338e-01  -7.2087408e-01   2.9938247e-01  -8.7511730e-01   4.3738033e-01
   2.0000000e+00   1.0024886e+00   1.0266094e+00  -2.5973594e-01  -6.5500953e-01   2.0997518e+00   1.3531586e+00  -4.0915039e-02   1.1646553e+00  -1.3559460e+00  -5.3281327e-01
   2.0000000e+00   2.7407617e-01   8.5273469e-01   1.1561517e-01  -1.3101606e+00  -1.1796482e+00  -2.0777856e+00   7.7725528e-01  -1.8347041e+00   4.3806723e-01  -1.0502678e+00
   1.0000000e+00  -1.3851575e-01   4.6252154e-02  -7.9764829e-01   1.7963366e-01   1.9668035e+00  -1.4403661e+00  -1.0265188e+00   6.0903202e-01   1.1052162e+00   7.5413265e-04
   2.0000000e+00  -6.7923392e-01   1.4820562e+00  -1.8745110e+00   1.1399829e+00   3.8533700e-01  -2.3520801e+00  -5.1185848e-01   5.0285449e-01   1.0798292e+00  -1.6021566e+00
   2.0000000e+00   1.5922309e+00   6.1891827e-01  -8.1821710e-01  -5.3638696e-01   3.2290671e-01  -1.6308877e+00  -1.4774102e-01   9.5465509e-01   4.3667010e-01   8.6223425e-02
   2.0000000e+00  -2.2324601e+00  -3.5400262e-02   6.8351951e-01  -1.2985898e+00   6.7727109e-01  -2.0671060e-01   7.5772408e-01  -3.9913629e-01   6.9608305e-01  -5.6857013e-01
   2.0000000e+00  -1.2871424e+00  -7.7795857e-02   7.3172788e-01  -6.6321859e-01   1.2777516e-01  -1.4300243e+00   2.8660343e-01  -2.0689217e-01   3.3611143e-01   3.7707781e-01
   2.0000000e+00   1.9045180e+00   3.1061853e-01  -9.5993546e-02   1.6265684e+00   7.5742816e-01  -7.8979475e-01  -2.7548971e-01   1.2037670e+00   7.8262151e-01  -7.7238225e-02
   2.0000000e+00   9.8126838e-01   3.0812379e-01   1.0233388e+00  -2.0078361e+00   2.0280217e+00   1.8298789e+00  -5.3953637e-01  -2.8701730e-01  -3.1761219e-02   8.5306922e-01
   2.0000000e+00  -4.6166274e-01   1.1170404e+00  -8.0108722e-01   5.0413261e-01   3.2453252e-01   2.0084910e-01   1.6180723e+00  -2.0133561e+00  -3.7185305e-01  -1.7129503e-01
   2.0000000e+00   8.4332070e-01   1.1934872e+00   1.1374895e+00  -4.7702540e-01  -6.7433453e-01  -1.3307920e+00  -8.5771209e-01   6.8971655e-01  -2.8056433e-01  -1.7159922e-01
   2.0000000e+00   1.6035947e+00  -5.9231896e-01  -1.0728058e+00  -3.4396507e-01  -4.7467484e-01   4.2433657e-01   9.7097583e-01   2.0900422e+00   6.7218331e-01   1.4250136e+00
   2.0000000e+00  -1.0207014e+00   4.0302768e-01  -7.5828746e-01   8.0735404e-01  -5.6082960e-01   1.7425565e-01  -2.0217636e+00  -1.6701411e+00  -4.4937508e-01   7.8515144e-01
   2.0000000e+00  -1.0645076e+00   3.9235785e-02   3.3706500e-01  -2.9635275e-01   2.3741738e-01   1.3410871e+00  -5.2345802e-01  -1.2369004e+00   1.5800955e+00   8.0645745e-01
   2.0000000e+00   1.7357789e-01   1.1083887e+00   8.7210154e-01  -4.4369068e-01   3.8044061e-01   9.8676189e-02   7.8352239e-01  -1.5051000e+00  -1.9804876e+00   5.4512473e-01
   1.0000000e+00   8.6683689e-01  -3.0153940e-01   6.4398450e-01   1.4910245e-01   5.8144378e-01   9.9366771e-01   9.2733495e-01  -2.2096501e-01  -6.5957677e-01  -1.9774229e+00
   2.0000000e+00  -6.2217449e-02   1.9436076e+00   8.1506269e-01   1.0944227e+00  -3.5115150e-01   2.0283627e+00   2.8002153e-01  -1.3993676e-01  -1.9915363e+00  -5.7688487e-02
   2.0000000e+00   8.3329017e-03   2.9070758e-01   6.6103427e-02  -8.5360660e-01  -2.6911700e-01   1.3661432e+00   8.7245872e-01  -8.7183789e-01  -4.7288874e-01  -1.4238315e+00
   2.0000000e+00   6.2772389e-01  -1.9587050e-02  -1.1686499e+00  -6.0125048e-01   1.2230884e+00  -3.5135252e-01   2.1333482e-01   2.4606917e-01   4.7334487e-01  -1.1474504e+00
   1.0000000e+00  -9.8848777e-01   8.2769110e-01   1.3423742e+00   1.4449948e-01  -8.1996073e-01  -4.1757151e-01  -8.8013072e-01   1.5443385e+00  -8.4805038e-01  -7.9321907e-01
   2.0000000e+00  -4.8234611e-01  -5.5403366e-01   7.7157266e-01  -2.2665034e+00  -5.2257544e-01  -6.6970796e-01  -2.0798318e-01  -2.6690010e-01  -1.8866249e+00   2.1157648e+00
   2.0000000e+00  -1.4922549e+00  -1.5992746e+00   7.1978995e-01   1.0907250e+00  -4.6688604e-01  -3.7963620e-01  -1.9328777e+00  -6.4737834e-03  -1.1141474e+00  -1.0303465e+00
   2.0000000e+00  -1.5774546e+00   3.1773793e-01   8.1719365e-01  -5.7345392e-01   1.3814482e+00   9.6084010e-01   1.6140138e-01   4.0667577e-01  -2.8122448e-01  -4.2908352e-01
   2.0000000e+00  -2.5249604e-02   7.8181015e-01   9.6687074e-01   1.5636702e+00  -1.5514091e-01   1.8496779e+00  -7.4491795e-01   2.2307837e+00   7.2514847e-01  -1.2701366e-01
   1.0000000e+00  -8.2604126e-01   6.3172956e-01  -1.9560661e+00   2.3409206e-01   1.3555289e+00  -3.2403166e-01   1.6313306e-02  -6.3389815e-01   1.3728445e+00   1.4436558e+00
   1.0000000e+00  -8.8974132e-01  -3.4744365e-01   5.0185837e-01   6.5214318e-03  -1.3182995e+00   1.1968007e+00   1.8487793e+00   7.8350161e-01   7.7371814e-01  -1.3734700e+00
   2.0000000e+00  -2.1116642e+00  -3.1247037e-04  -1.0318885e+00   3.5901188e-01  -1.6836042e+00  -1.4415278e+00  -1.0990424e-01  -6.5966898e-01  -1.1750975e+00   1.5393063e+00
   2.0000000e+00  -1.1028418e+00  -9.5360680e-01   1.5131267e+00  -7.8113153e-01   8.5019328e-01   4.2082008e-01  -6.4598512e-01  -3.7764206e-02   8.1127508e-01   2.2320969e-01
   2.0000000e+00  -1.2602500e+00   6.8981711e-01  -4.6593194e-01  -1.7242435e+00  -9.5230522e-01  -5.7815506e-01  -2.5278329e+00   2.2258337e+00   1.7104164e+00   1.1075925e+00
   2.0000000e+00  -4.0345465e-03   1.7422530e+00   1.1036640e+00  -4.6940592e-01  -1.0232191e-01  -1.7246257e-01  -7.1737940e-02   2.2194869e+00   3.1944241e-02   1.8577955e+00
   1.0000000e+00   7.9510302e-01  -4.3624809e-02  -1.7473103e+00   2.8174060e-01  -3.2267982e-01   9.6415429e-01  -1.5069771e+00   7.7661935e-01  -9.0999593e-01  -5.8647224e-01
   1.0000000e+00  -3.9223474e-01  -6.8815303e-01  -1.3229013e+00   1.0078047e-03   1.4723208e-01   9.7425485e-01   1.0196920e+00   6.4497205e-01   4.8237711e-01   3.1315903e-02
   2.0000000e+00   1.0149564e+00   1.1823975e+00  -5.1460619e-01  -4.6556126e-01  -1.7574941e-01   8.1151834e-01  -9.9417623e-01   4.1269057e-01   7.2459214e-01   6.9679357e-01
   2.0000000e+00   5.8983829e-01  -1.1125631e+00  -5.3447060e-02  -8.4589355e-01   3.0651376e-01   1.1104291e-01   1.5094791e-02  -7.6098281e-01   1.4069455e+00  -1.4039939e+00
   2.0000000e+00  -4.6999903e-01  -3.5253796e-01  -1.5972015e+00  -1.7366149e+00  -8.5062571e-01  -2.5072554e-01   1.0034492e+00   1.1576966e+00   5.2409384e-01  -1.0556818e+00
   2.0000000e+00   5.7117099e-01   1.5730098e-01  -6.9256884e-01  -6.1096576e-01   5.4967791e-01  -5.7066483e-01  -7.1233871e-01  -1.1894459e+00  -3.1719763e-01   1.5085424e+00
   2.0000000e+00   1.5920098e+00  -1.1133044e+00   4.7490113e-01  -4.9348893e-01   2.8913544e-01  -4.9420650e-01   2.3268413e-01  -1.8447335e+00   2.0849308e+00   2.8813321e-01
   2.0000000e+00   1.3665321e+00   1.1996164e+00  -5.3865642e-01  -1.6789811e-01  -1.9027480e+00  -2.3534158e+00  -7.3393606e-01  -3.9759797e-01  -3.0136698e-01   1.6969791e+00
   2.0000000e+00   4.6941781e-01   3.7161251e-01  -3.4523090e-01   1.1651778e+00   3.7664203e-01  -7.5802870e-01  -8.3113711e-01  -5.6077218e-01   1.4598620e+00  -6.1531763e-01
   2.0000000e+00  -1.7403558e+00  -1.2448463e+00  -1.0536044e+00  -3.1764308e-01   1.3449097e+00   1.1936384e+00  -1.8345986e+00  -4.1404523e-01   1.6354896e-01  -2.1624799e-03
   2.0000000e+00  -9.6481969e-01  -4.1840889e-01   6.3489086e-01  -1.0035554e+00   1.7875449e-02  -7.5438320e-02  -4.3113879e-01  -9.1502721e-01  -6.5155938e-01  -1.6923255e-01
   1.0000000e+00  -1.1305392e-01  -6.7550482e-01   2.4645698e-01   4.5355335e-01  -1.1332782e-01  -9.5921600e-02   1.1665355e+00  -2.2457049e+00   8.1056628e-01   1.0449909e+00
   1.0000000e+00  -1.6112400e+00  -4.0039529e-02   1.8074321e+00   7.1998914e-01  -1.7205470e+00  -8.4371869e-01  -6.3284341e-01  -2.3474751e+00   1.0644381e+00  -2.5092670e-01
   2.0000000e+00  -1.4130455e-02  -6.1632724e-01   3.9846197e-01  -5.0877243e-02   3.6158836e-01  -3.0770474e-01   3.1943900e-01  -2.5658337e-01  -3.8372226e-01   1.3412959e+00
   2.0000000e+00  -9.7148646e-01  -8.5984591e-01   1.6063402e+00  -1.1017884e+00  -3.6220590e-01   8.0367649e-01  -4.6657540e-02   6.1030139e-01   1.4188493e+00  -2.4225646e-01
   2.0000000e+00   4.4128952e-01  -1.4152205e+00   1.5881314e+00   1.0587692e+00   2.7167051e-01   1.4380625e+00   1.4316962e-01   7.3961979e-01  -1.9819277e+00   2.2880139e-01
   2.0000000e+00   3.6415187e-01  -1.7591032e-01  -4.2361153e-01  -2.0955606e-01  -1.6562480e+00   4.4426601e-01   3.8173714e-01   1.6569520e+00  -2.0289698e-01  -5.8555244e-01
   2.0000000e+00  -2.6955869e-01   2.1018764e-01   1.3140813e+00  -5.1741092e-01   1.2835175e-01   1.9458650e+00  -6.2430750e-01   6.2788203e-01  -1.2212339e+00  -7.6403671e-01
   2.0000000e+00  -1.1877893e-01  -1.2193818e+00  -6.1933312e-01  -1.0768282e+00  -1.3703689e+00  -1.6582044e-01  -9.6302831e-01   1.5906399e+00  -6.0227552e-02   6.5357471e-01
   2.0000000e+00   4.6660305e-01  -1.8896238e-01  -9.5671178e-01  -1.5164519e+00  -1.9177995e-01  -6.0539805e-02  -3.5091232e-01   3.6703598e-01  -1.6034273e+00   6.0363665e-02
